$ANSIBLE_VAULT;1.1;AES256
39323732353830616463336438623932333563363761326130376634363536343963376338623932
3035373435396137653138323930636234373037636638300a633131613265356139656564303935
37663135633762666661636238393534363836386631376466636461666332393731636439326631
3165333562363864620a306134623235616561346365613561363666656462393063356162636663
37646566663262636666303761366662636130326135383164373563626363393934336636396633
36613536633931633231356633366532636430363832333238323134333235656336633630306132
65313633363266386235316261626233643930386165336439643061353838626332646234653761
30643837643336366463386665383961336364666231323033663763663830626639303138653734
63666233376534383738323061383530623633373438356662396534616631613637643736333934
33343465636339313662366163383637313538643164613166636666303434326632396165636637
64326636643439386236663931313438323430373433633536623961323932656131653432653963
64396132636261343630373064363161623031633264333035326434626537393337353138646635
63363362316632656538643663326466633330326530343736656338626637623832326631323430
64383861313861656161313938393539363133363736313832626439636539643937626165663631
37363934333734633834613235363730333132353437656530316163303735636462353839343336
35643035613032306639623166623266353764396132653963333434356430353638366133353862
31346130373838333635363436366231643361666162396531326637666666666466643331376362
61353535353366313231336131353132653831363530373630323065353130623137653166383062
34386137333062366331303961356637393339343739633163646337633066326662363765316663
37363436636565326233323261373932643236336162366633633863633131353963613439343062
66303065336665376334393337333934383763346466626438333934306234303966303335313733
66316664373839646461333432373833626531636362393131326437306432346134343138356530
38623464613366336665643662613965353664313665363934333562613462356365313534333535
66363363366639316339656161386533383863306531386430646331636366326332666235666661
39376434656133363333623061333462346439613534313736643963613739376333
